0.001,	0.001,	0.001,	0.001,	0.001,	0.001,	0.576764,	0.388025,	0.001,	0.001,	0.001,	0.001,	0.001,	0.001,	0.001,	0.001,	0.001,	0.429192
0.001,	0.001,	0.001,	0.001,	0.001,	0.001,	0.001,	0.001,	0.001,	0.001,	0.001,	0.001,	0.64282,	0.001,	0.001,	0.001,	0.001,	0.001
0.001,	0.001,	0.001,	0.001,	0.001,	0.001,	0.001,	0.001,	0.001,	0.001,	0.001,	0.578045,	0.001,	0.001,	0.001,	0.001,	0.001,	0.001
0.001,	0.001,	0.001,	0.001,	0.001,	0.398286,	0.001,	0.001,	0.622713,	0.001,	0.001,	0.001,	0.001,	0.001,	0.001,	0.001,	0.001,	0.001
0.362838,	0.001,	0.001,	0.001,	0.001,	0.398286,	0.001,	0.458687,	0.001,	0.001,	0.001,	0.001,	0.001,	0.417277,	0.001,	0.001,	0.001,	0.001
0.001,	0.001,	0.001,	0.001,	0.001,	0.001,	0.001,	0.001,	0.001,	0.001,	0.001,	0.001,	0.001,	0.001,	0.001,	0.001,	0.001,	0.001
0.542635,	0.001,	0.001,	0.001,	0.001,	0.001,	0.001,	0.001,	0.001,	0.701365,	0.001,	0.001,	0.001,	0.548557,	0.647642,	0.375372,	0.001,	0.001
0.001,	0.001,	0.607607,	0.001,	0.001,	0.001,	0.001,	0.001,	0.001,	0.546703,	0.001,	0.001,	0.001,	0.001,	0.001,	0.001,	0.367165,	0.001
0.001,	0.001,	0.001,	0.001,	0.001,	0.843688,	0.001,	0.001,	0.001,	0.001,	0.497624,	0.001,	0.001,	0.001,	0.001,	0.001,	0.001,	0.001
0.001,	0.001,	0.001,	0.001,	0.001,	0.001,	0.001,	0.546703,	0.001,	0.505135,	0.001,	0.001,	0.001,	0.001,	0.001,	0.364145,	0.001,	0.001
0.001,	0.001,	0.001,	0.001,	0.001,	0.001,	0.001,	0.392243,	0.001,	0.001,	0.466577,	0.001,	0.001,	0.001,	0.677535,	0.001,	0.001,	0.001
0.442691,	0.001,	0.001,	0.001,	0.001,	0.001,	0.001,	0.001,	0.001,	0.001,	0.001,	0.001,	0.001,	0.001,	0.384495,	0.001,	0.001,	0.383656
0.001,	0.001,	0.001,	0.001,	0.001,	0.001,	0.546703,	0.001,	0.001,	0.001,	0.001,	0.001,	0.001,	0.364515,	0.001,	0.001,	0.001,	0.001
0.001,	0.001,	0.001,	0.425235,	0.001,	0.001,	0.001,	0.001,	0.001,	0.001,	0.001,	0.470069,	0.001,	0.001,	0.001,	0.001,	0.001,	0.001
0.001,	0.001,	0.001,	0.001,	0.001,	0.001,	0.001,	0.001,	0.001,	0.001,	0.001,	0.001,	0.001,	0.001,	0.001,	0.001,	0.001,	0.001
0.001,	0.001,	0.001,	0.001,	0.001,	0.001,	0.481194,	0.001,	0.001,	0.385258,	0.001,	0.001,	0.001,	0.001,	0.001,	0.459434,	0.001,	0.001
0.65475,	0.001,	0.001,	0.432871,	0.001,	0.001,	0.001,	0.001,	0.001,	0.001,	0.001,	0.378659,	0.001,	0.001,	0.500851,	0.001,	0.001,	0.001
0.001,	0.001,	0.001,	0.001,	0.001,	0.001,	0.001,	0.001,	0.001,	0.001,	0.40044,	0.001,	0.001,	0.001,	0.392374,	0.001,	0.001,	0.001
0.001,	0.001,	0.001,	0.001,	0.464194,	0.001,	0.001,	0.001,	0.001,	0.001,	0.001,	0.001,	0.001,	0.001,	0.001,	0.001,	0.001,	0.001
0.001,	0.001,	0.407923,	0.001,	0.37325,	0.001,	0.453914,	0.001,	0.001,	0.427219,	0.478333,	0.001,	0.001,	0.001,	0.001,	0.001,	0.001,	0.402024
0.001,	0.001,	0.001,	0.001,	0.001,	0.001,	0.001,	0.001,	0.001,	0.001,	0.001,	0.001,	0.001,	0.001,	0.001,	0.394571,	0.001,	0.001
0.001,	0.001,	0.606939,	0.001,	0.001,	0.001,	0.400206,	0.001,	0.001,	0.001,	0.001,	0.001,	0.001,	0.001,	0.001,	0.001,	0.001,	0.001
0.001,	0.510213,	0.001,	0.001,	0.001,	0.001,	0.001,	0.001,	0.001,	0.001,	0.001,	0.001,	0.001,	0.001,	0.001,	0.001,	0.001,	0.001
0.001,	0.001,	0.001,	0.465375,	0.001,	0.001,	0.001,	0.001,	0.527656,	0.001,	0.001,	0.001,	0.001,	0.001,	0.001,	0.001,	0.001,	0.001
0.001,	0.001,	0.001,	0.001,	0.001,	0.001,	0.001,	0.001,	0.001,	0.001,	0.001,	0.416964,	0.001,	0.001,	0.001,	0.001,	0.001,	0.001
0.001,	0.001,	0.001,	0.001,	0.001,	0.001,	0.001,	0.001,	0.001,	0.001,	0.001,	0.001,	0.001,	0.001,	0.001,	0.001,	0.001,	0.001
0.001,	0.001,	0.001,	0.001,	0.001,	0.001,	0.001,	0.001,	0.001,	0.001,	0.001,	0.001,	0.001,	0.425398,	0.001,	0.001,	0.001,	0.001
0.001,	0.001,	0.001,	0.001,	0.001,	0.001,	0.001,	0.001,	0.001,	0.001,	0.001,	0.001,	0.451668,	0.001,	0.001,	0.001,	0.001,	0.001
0.464559,	0.001,	0.001,	0.001,	0.001,	0.001,	0.001,	0.001,	0.001,	0.445332,	0.001,	0.001,	0.001,	0.4366,	0.001,	0.001,	0.648939,	0.001
0.001,	0.001,	0.001,	0.527241,	0.001,	0.001,	0.001,	0.001,	0.001,	0.001,	0.001,	0.001,	0.001,	0.001,	0.001,	0.001,	0.001,	0.001
0.001,	0.001,	0.001,	0.001,	0.001,	0.001,	0.518375,	0.001,	0.001,	0.001,	0.520672,	0.001,	0.001,	0.436807,	0.001,	0.001,	0.001,	0.001
0.001,	0.001,	0.001,	0.001,	0.001,	0.001,	0.557424,	0.001,	0.001,	0.001,	0.001,	0.001,	0.712605,	0.001,	0.387122,	0.001,	0.001,	0.001
0.001,	0.001,	0.001,	0.001,	0.001,	0.001,	0.001,	0.001,	0.001,	0.001,	0.001,	0.001,	0.001,	0.001,	0.001,	0.001,	0.001,	0.001
0.001,	0.001,	0.001,	0.001,	0.001,	0.001,	0.001,	0.001,	0.001,	0.444423,	0.001,	0.001,	0.001,	0.001,	0.001,	0.001,	0.001,	0.001
0.001,	0.001,	0.001,	0.702011,	0.001,	0.001,	0.4329,	0.001,	0.001,	0.001,	0.001,	0.461648,	0.001,	0.001,	0.001,	0.001,	0.001,	0.001
0.384483,	0.001,	0.001,	0.001,	0.001,	0.001,	0.001,	0.001,	0.001,	0.001,	0.508076,	0.469722,	0.001,	0.001,	0.001,	0.001,	0.001,	0.001